

lambda(m), Y
1e-06, 0.619424
9.92519e-07, 0.623805
9.85149e-07, 0.626906
9.77887e-07, 0.630899
9.70732e-07, 0.636059
9.6368e-07, 0.642825
9.56731e-07, 0.65038
9.49881e-07, 0.656559
9.43128e-07, 0.660334
9.36471e-07, 0.659876
9.29907e-07, 0.654038
9.23434e-07, 0.64122
9.17051e-07, 0.616767
9.10755e-07, 0.577787
9.04545e-07, 0.532322
8.9842e-07, 0.505416
8.92377e-07, 0.522881
8.86414e-07, 0.564455
8.80531e-07, 0.598603
8.74725e-07, 0.620733
8.68996e-07, 0.631878
8.63341e-07, 0.63226
8.57759e-07, 0.618106
8.52248e-07, 0.588798
8.46809e-07, 0.568272
8.41438e-07, 0.580233
8.36134e-07, 0.607693
8.30898e-07, 0.631822
8.25726e-07, 0.647394
8.20619e-07, 0.654341
8.15574e-07, 0.652952
8.10591e-07, 0.651071
8.05668e-07, 0.663392
8.00805e-07, 0.682415
7.96e-07, 0.698649
7.91252e-07, 0.710193
7.86561e-07, 0.716531
7.81925e-07, 0.71749
7.77344e-07, 0.711727
7.72816e-07, 0.69599
7.6834e-07, 0.666097
7.63916e-07, 0.627678
7.59542e-07, 0.608685
7.55218e-07, 0.621871
7.50943e-07, 0.647533
7.46717e-07, 0.668322
7.42537e-07, 0.677734
7.38404e-07, 0.677055
7.34317e-07, 0.677576
7.30275e-07, 0.684181
7.26277e-07, 0.686348
7.22323e-07, 0.676279
7.18412e-07, 0.653673
7.14542e-07, 0.636167
7.10714e-07, 0.644218
7.06927e-07, 0.666918
7.0318e-07, 0.688467
6.99473e-07, 0.703496
6.95804e-07, 0.712645
6.92174e-07, 0.718357
6.88581e-07, 0.723788
6.85026e-07, 0.730379
6.81507e-07, 0.737352
6.78024e-07, 0.743297
6.74576e-07, 0.747264
6.71164e-07, 0.748589
6.67785e-07, 0.747781
6.64441e-07, 0.747927
6.6113e-07, 0.751112
6.57851e-07, 0.756387
6.54605e-07, 0.762476
6.51391e-07, 0.76898
6.48208e-07, 0.775406
6.45057e-07, 0.780938
6.41935e-07, 0.785041
6.38844e-07, 0.787239
6.35783e-07, 0.787801
6.3275e-07, 0.787689
6.29747e-07, 0.787809
6.26772e-07, 0.789017
6.23824e-07, 0.791533
6.20905e-07, 0.795128
6.18012e-07, 0.799393
6.15147e-07, 0.803408
6.12308e-07, 0.806445
6.09495e-07, 0.808085
6.06707e-07, 0.808243
6.03945e-07, 0.807584
6.01208e-07, 0.80686
5.98496e-07, 0.806802
5.95808e-07, 0.807983
5.93145e-07, 0.810244
5.90504e-07, 0.813178
5.87888e-07, 0.816038
5.85294e-07, 0.818012
5.82723e-07, 0.818803
5.80175e-07, 0.818337
5.77649e-07, 0.817084
5.75145e-07, 0.81579
5.72662e-07, 0.815002
5.70201e-07, 0.815234
5.6776e-07, 0.8165
5.65341e-07, 0.818437
5.62942e-07, 0.82058
5.60563e-07, 0.822177
5.58205e-07, 0.822786
5.55866e-07, 0.822275
5.53547e-07, 0.820772
5.51247e-07, 0.818921
5.48966e-07, 0.817305
5.46703e-07, 0.816462
5.4446e-07, 0.816736
5.42234e-07, 0.81787
5.40027e-07, 0.819449
5.37838e-07, 0.820785
5.35666e-07, 0.821198
5.33512e-07, 0.820489
5.31375e-07, 0.818663
5.29255e-07, 0.816209
5.27152e-07, 0.813831
5.25066e-07, 0.812005
5.22996e-07, 0.811134
5.20942e-07, 0.811106
5.18905e-07, 0.811485
5.16883e-07, 0.811804
5.14877e-07, 0.811416
5.12887e-07, 0.810032
5.10911e-07, 0.80762
5.08951e-07, 0.804351
5.07006e-07, 0.800774
5.05076e-07, 0.79727
5.03161e-07, 0.794187
5.01259e-07, 0.7917
4.99373e-07, 0.789589
4.975e-07, 0.787614
4.95641e-07, 0.785312
4.93797e-07, 0.78222
4.91965e-07, 0.778211
4.90148e-07, 0.773205
4.88344e-07, 0.767523
4.86553e-07, 0.761632
4.84775e-07, 0.755891
4.8301e-07, 0.750746
4.81258e-07, 0.746236
4.79518e-07, 0.742214
4.77791e-07, 0.738449
4.76077e-07, 0.73448
4.74374e-07, 0.730141
4.72684e-07, 0.725358
4.71006e-07, 0.720196
4.6934e-07, 0.715049
4.67685e-07, 0.710123
4.66042e-07, 0.705703
4.64411e-07, 0.701947
4.62791e-07, 0.698727
4.61182e-07, 0.696057
4.59584e-07, 0.693711
4.57998e-07, 0.691498
4.56422e-07, 0.689339
4.54857e-07, 0.686974
4.53303e-07, 0.684421
4.51759e-07, 0.681685
4.50226e-07, 0.678805
4.48703e-07, 0.676096
4.47191e-07, 0.673671
4.45689e-07, 0.671746
4.44196e-07, 0.670417
4.42714e-07, 0.669438
4.41242e-07, 0.66868
4.39779e-07, 0.667769
4.38326e-07, 0.66645
4.36883e-07, 0.664749
4.35449e-07, 0.662615
4.34024e-07, 0.660372
4.32609e-07, 0.658265
4.31203e-07, 0.656399
4.29806e-07, 0.654972
4.28418e-07, 0.653804
4.27039e-07, 0.652817
4.25668e-07, 0.651926
4.24307e-07, 0.650864
4.22954e-07, 0.649687
4.2161e-07, 0.648235
4.20275e-07, 0.646474
4.18947e-07, 0.644536
4.17629e-07, 0.642331
4.16318e-07, 0.640116
4.15016e-07, 0.63806
4.13721e-07, 0.63626
4.12435e-07, 0.634991
4.11157e-07, 0.63404
4.09887e-07, 0.633289
4.08624e-07, 0.632553
4.07369e-07, 0.631412
4.06122e-07, 0.63023
4.04883e-07, 0.628469
4.03651e-07, 0.626419
4.02427e-07, 0.624502
4.0121e-07, 0.622823
4e-07, 0.621609



